02/03/2019;F03-5812;02;1;BBS;30;30;400;12000;0;0;400;12000;
01/09/2020;F03-1829;02;2;BBS;25;20;300;6000;0;0;700;18000;
02/12/2020;B09-1235;02;3;APEX;24;5;30;150;0;0;730;18150;
01/01/2021;B01-5712;02;4;NISSAN;24;12;24;288;0;0;754;18438;
26/07/2020;B09-1282;02;5;SUBARU;24;16;26;416;0;0;780;18854;
03/09/2021;F03-1567;01;6;ALFREDO;24;33;0;0;15;360;765;18494;
25/12/2020;B06-1298;01;7;AUGUSTO;24;33;0;0;25;600;740;17894;
10/05/2020;B06-1286;02;8;VOLVO;27;45;160;7200;0;0;900;25094;
01/01/2022;F02-1992;01;9;JUAN;27;37;0;0;20;540;880;24554;
